name: vide-ticket
description: null
created_at: 2025-07-19T09:56:52.237249Z
updated_at: 2025-07-19T09:56:52.237269Z
ticket_count: 0
