name: vibe-ticket
description: null
created_at: 2025-07-21T15:47:18.196807Z
updated_at: 2025-07-21T15:47:18.196871Z
ticket_count: 0
